51
29
53
58
55
64
61
21
73
98
64
71
11
35
23
46
95
64
57
38
35
92
29
61
96
86
76
34
56
94
88
51
11
63
82
33
13
23
14
91
61
22
88
41
27
57
27
33
32
96
22
17
44
66
81
68
52
25
35
46
23
96
31
12
49
24
19
69
24
14
82
74
54
51
55
97
84
17
44
38
74
74
71
28
82
22
33
93
23
99
38
76
44
37
47
55
54
61
43
97
98
42
26
59
81
69
46
96
59
48
72
82
84
81
27
86
39
99
21
92
38
42
92
49
28
35
92
13
13
42
63
24
29
25
28
87
43
14
65
59
68
69
82
29
55
65
13
88
56
28
96
78
88
42
67
67
77
99
23
66
99
87
71
75
13
52
21
54
97
56
57
75
11
99
89
55
55
33
82
67
92
97
13
87
86
69
16
46
54
22
12
72
81
48
62
62
51
98
26
35
49
37
38
23
29
94
58
18
33
65
72
37
42
24
54
56
26
92
76
47
12
67
87
55
72
27
76
96
67
17
79
23
42
79
73
93
54
92
86
24
66
24
69
23
85
33
65
54
71
96
67
14
88
93
39
67
92
65
14
12
42
29
39
73
57
23
17
15
11
56
67
78
21
27
26
63
92
59
64
24
48
15
39
86
86
55
73
36
72
92
76
41
19
62
14
85
89
65
98
16
46
56
18
77
27
99
57
59
44
26
83
85
89
43
45
94
72
22
48
47
22
53
19
11
86
34
66
86
33
78
45
14
13
38
32
95
19
85
66
27
27
97
55
94
47
32
75
79
12
33
78
68
58
59
99
77
61
66
66
14
37
91
89
92
37
76
67
98
92
54
12
21
48
54
25
64
65
48
38
68
53
91
69
77
43
38
13
93
97
66
86
41
34
23
11
59
55
97
45
55
38
11
85
21
11
42
94
33
61
71
81
53
63
82
91
27
27
51
89
47
22
95
52
93
89
84
86
17
66
77
33
29
91
32
82
28
17
96
98
22
86
85
95
35
95
63
28
81
74
38
66
88
42
98
87
34
99
58
33
95
29
14
74
31
72
47
55
33
21
84
56
46
56
19
76
88
98
26
15
98
13
33
44
18
39
19
24
65
32
88
57
16
66
28
44
12
62
39
84
62
14
82
85
72
74
14
17
78
15
84
91
32
37
89
82
72
57
83
84
31
88
39
99
88
28
19
41
37
69
55
14
76
18
77
22
88
45
57
54
29
61
11
76
19
85
73
78
86
99
97
38
76
87
88
25
58
78
53
55
79
88
54
98
46
34
63
23
22
69
34
73
35
79
31
22
82
29
14
15
83
48
56
28
96
45
73
76
19
14
48
82
45
74
43
98
12
22
85
88
68
23
88
75
92
65
29
49
86
71
52
61
28
99
33
91
74
92
77
57
92
26
72
64
79
49
42
44
59
12
41
19
13
97
39
19
28
54
65
68
83
11
24
84
41
48
76
67
62
29
26
94
59
72
55
46
17
72
62
22
91
94
35
59
23
19
86
48
95
91
68
78
99
42
39
49
85
94
62
27
66
67
32
77
42
46
85
14
89
22
92
14
44
66
58
62
37
39
46
93
23
95
39
63
65
97
67
78
25
41
58
56
42
34
28
72
45
15
32
76
15
19
66
29
41
79
88
75
33
37
65
45
79
32
17
46
37
56
56
36
75
33
83
59
62
44
79
11
93
27
22
75
22
13
68
56
46
28
16
44
75
93
98
19
68
71
15
33
62
48
86
32
85
73
36
11
27
52
98
37
99
79
34
11
99
77
79
31
64
65
75
98
12
65
54
73
31
75
12
19
55
81
91
16
65
95
99
64
52
95
67
88
63
77
16
27
92
53
92
81
17
97
64
84
63
37
52
98
16
97
48
45
88
34
97
31
17
22
24
15
88
54
33
41
76
47
44
94
15
63
38
65
22
85
26
27
61
97
88
97
11
58
87
22
24
95
72
68
69
25
78
45
18
62
38
39
88
66
54
63
55
32
43
48
34
23
44
73
15
86
45
51
22
44
39
77
66
82
61
95
84
55
88
99
91
77
88
32
57
25
19
25
45
21
37
34
39
61
85
72
81
62
34
72
39
69
37
54
84
51
99
36
28
46
59
16
14
19
84
52
85
95
17
45
55
81
64
82
59
72
38
52
12
59
67
46
98
23
27
31
49
98
87
11
71
63
97
72
17
55
37
45
98
43
41
99
14
84
86
88
25
94
83
15
65
81
92
78
11
92
86
73
43
39
88
54
73
31
91
74
14
